## us population

usPop <- 331449281

## GDP per capita
gdpCap <- 63543.51

## energy intensity
## energy per capita
265.2 #gigajoules

## energy per GDP
265.2/63543.51

## convert to kwh 
(0.004173518)*277.778 
(265.2)*277.778
engInt <- 1.159311
engInt2 <- 73666.73

## carbon emission
4457.2 ## mil tons

## convert to kilograms
4457200000 ## tons
4457200000*1000 ## kg

4.4572e+12

carEmms <- 4.4572e+12


## carbon intensity in kg CO2/kwh

carEmms/(usPop*gdpCap*engInt)

## carbon intensity - cancel out the 

carEmms/(usPop*engInt2)



# Finalnd -----------------------------------------------------------------

finPop <- 5531000

## GDP per capita
gdpCap <- 48773.281

## energy intensity
## energy per capita
197.9 #gigajoules

## energy per GDP
197.9/48773.281

## convert to kwh 
(0.004057549)*277.778 
(197.9)*277.778
engInt <- 1.127098
engInt2 <- 54972.27

## carbon emission
39 ## mil tons

## convert to kilograms
39000000 ## tons
39000000*1000 ## kg

3.9e+10

carEmms <- 3.9e+10


## carbon intensity in kg CO2/kwh

carEmms/(finPop*gdpCap*engInt)

## carbon intensity - cancel out the 

carEmms/(finPop*engInt2)


# India -------------------------------------------------------------------

indPop <- 1380000000

## GDP per capita
gdpCap <- 1927.708

## energy intensity
## energy per capita
23.2 #gigajoules

## energy per GDP
23.2/1927.708

## convert to kwh 
(0.01203502)*277.778 
23.2*277.778
engInt <- 3.343064
engInt2 <- 6444.45

## carbon emission
2302.3 ## mil tons

## convert to kilograms
2302300000 ## tons
2302300000*1000 ## kg

2.3023e+12

carEmms <- 2.3023e+12


## carbon intensity in kg CO2/kwh

carEmms/(indPop*gdpCap*engInt)

## carbon intensity - cancel out the 

carEmms/(indPop*engInt2)


# population --------------------------------------------------------------

# LA
# 3.967 milliseconds

3967000

# 503 miles
# 1,302 km2

# population denosity

3967000/1302
# 3046.851

3967000/503
# 7886.68

1000000/100


3046.851*2.5899

503*2.5899



# energy consumption ------------------------------------------------------

## people
10000

## energy kwh
10715

## convert to watt hours
10715*1000

10715000
## hours
8760

## divide watt hours by hours in year, in watts
10715000/8760

## 1223.174

## number of people in 1m2

10000/1000000

## energy consumption times number of people in 1m2
1223.174*0.01 ## 

## get number of people per msq
12.23174 ## mulitply by number of people in m2








